function mpc = opf_solved_case
%OPF_SOLVED_CASE

%% MATPOWER Case Format : Version 2
mpc.version = '2';

%%-----  Power Flow Data  -----%%
%% system MVA base
mpc.baseMVA = 100;

%% bus data
%	bus_i	type	Pd	Qd	Gs	Bs	area	Vm	Va	baseKV	zone	Vmax	Vmin	lam_P	lam_Q	mu_Vmax	mu_Vmin
mpc.bus = [
	1	1	97.6	44.2	0	0	2	1	-14.1081397	345	1	1.06	0.94	13.5169	0.0000	0.0000	0.0000;
	2	1	0	0	0	0	2	1	-5.08709856	345	1	1.06	0.94	13.5169	0.0000	0.0000	0.0000;
	3	1	322	2.4	0	0	2	1	-8.98737786	345	1	1.06	0.94	13.5169	0.0000	0.0000	0.0000;
	4	1	500	184	0	0	1	1	-10.6111635	345	1	1.06	0.94	13.5169	0.0000	0.0000	0.0000;
	5	1	0	0	0	0	1	1	-9.88270526	345	1	1.06	0.94	13.5169	0.0000	0.0000	0.0000;
	6	1	0	0	0	0	1	1	-9.1214881	345	1	1.06	0.94	13.5169	0.0000	0.0000	0.0000;
	7	1	233.8	84	0	0	1	1	-11.8008949	345	1	1.06	0.94	13.5169	0.0000	0.0000	0.0000;
	8	1	522	176.6	0	0	1	1	-12.5243936	345	1	1.06	0.94	13.5169	0.0000	0.0000	0.0000;
	9	1	6.5	-66.6	0	0	1	1	-15.9388948	345	1	1.06	0.94	13.5169	0.0000	0.0000	0.0000;
	10	1	0	0	0	0	1	1	-6.38401527	345	1	1.06	0.94	13.5169	0.0000	0.0000	0.0000;
	11	1	0	0	0	0	1	1	-7.32440748	345	1	1.06	0.94	13.5169	0.0000	0.0000	0.0000;
	12	1	8.53	88	0	0	1	1	-7.30438397	345	1	1.06	0.94	13.5169	0.0000	0.0000	0.0000;
	13	1	0	0	0	0	1	1	-7.07176159	345	1	1.06	0.94	13.5169	0.0000	0.0000	0.0000;
	14	1	0	0	0	0	1	1	-8.63315457	345	1	1.06	0.94	13.5169	0.0000	0.0000	0.0000;
	15	1	320	153	0	0	3	1	-8.66048219	345	1	1.06	0.94	13.5169	0.0000	0.0000	0.0000;
	16	1	329	32.3	0	0	3	1	-6.94886291	345	1	1.06	0.94	13.5169	0.0000	0.0000	0.0000;
	17	1	0	0	0	0	2	1	-8.19281228	345	1	1.06	0.94	13.5169	0.0000	0.0000	0.0000;
	18	1	158	30	0	0	2	1	-8.95506105	345	1	1.06	0.94	13.5169	0.0000	0.0000	0.0000;
	19	1	0	0	0	0	3	1	-1.58597795	345	1	1.06	0.94	13.5169	0.0000	0.0000	0.0000;
	20	1	680	103	0	0	3	1	-2.94595057	345	1	1.06	0.94	13.5169	0.0000	0.0000	0.0000;
	21	1	274	115	0	0	3	1	-4.22396271	345	1	1.06	0.94	13.5169	0.0000	0.0000	0.0000;
	22	1	0	0	0	0	3	1	0.799725813	345	1	1.06	0.94	13.5169	0.0000	0.0000	0.0000;
	23	1	247.5	84.6	0	0	3	1	0.609626879	345	1	1.06	0.94	13.5169	0.0000	0.0000	0.0000;
	24	1	308.6	-92.2	0	0	3	1	-6.75123849	345	1	1.06	0.94	13.5169	0.0000	0.0000	0.0000;
	25	1	224	47.2	0	0	2	1	-4.23441004	345	1	1.06	0.94	13.5169	0.0000	0.0000	0.0000;
	26	1	139	17	0	0	2	1	-7.32409311	345	1	1.06	0.94	13.5169	0.0000	0.0000	0.0000;
	27	1	281	75.5	0	0	2	1	-9.00266723	345	1	1.06	0.94	13.5169	0.0000	0.0000	0.0000;
	28	1	206	27.6	0	0	3	1	-5.67319505	345	1	1.06	0.94	13.5169	0.0000	0.0000	0.0000;
	29	1	283.5	26.9	0	0	3	1	-3.36503353	345	1	1.06	0.94	13.5169	0.0000	0.0000	0.0000;
	30	2	0	0	0	0	2	1	1.76622874	345	1	1.06	0.94	13.5169	0.0000	0.0000	0.0000;
	31	3	9.2	4.6	0	0	1	1	0	345	1	1.06	0.94	13.5169	0.0000	0.0000	0.0000;
	32	2	0	0	0	0	1	1	1.18872207	345	1	1.06	0.94	13.5169	0.0000	0.0000	0.0000;
	33	2	0	0	0	0	3	1	3.7186945	345	1	1.06	0.94	13.5169	0.0000	0.0000	0.0000;
	34	2	0	0	0	0	3	1	2.29317551	345	1	1.06	0.94	13.5169	0.0000	0.0000	0.0000;
	35	2	0	0	0	0	3	1	6.21423301	345	1	1.06	0.94	13.5169	0.0000	0.0000	0.0000;
	36	2	0	0	0	0	3	1	9.64860906	345	1	1.06	0.94	13.5169	0.0000	0.0000	0.0000;
	37	2	0	0	0	0	2	1	3.26262812	345	1	1.06	0.94	13.5169	0.0000	0.0000	0.0000;
	38	2	0	0	0	0	3	1	2.5417016	345	1	1.06	0.94	13.5169	0.0000	0.0000	0.0000;
	39	2	1104	250	0	0	1	1	-18.197374	345	1	1.06	0.94	13.5169	0.0000	0.0000	0.0000;
];

%% generator data
%	bus	Pg	Qg	Qmax	Qmin	Vg	mBase	status	Pmax	Pmin	Pc1	Pc2	Qc1min	Qc1max	Qc2min	Qc2max	ramp_agc	ramp_10	ramp_30	ramp_q	apf	mu_Pmax	mu_Pmin	mu_Qmax	mu_Qmin
mpc.gen = [
	30	660.846	161.762	400	140	1.0499	100	1	1040	0	0	0	0	0	0	0	0	0	0	0	0	0.0000	0.0000	0.0000	0.0000;
	31	646	221.574	300	-100	0.982	100	1	646	0	0	0	0	0	0	0	0	0	0	0	0	0.2969	0.0000	0.0000	0.0000;
	32	660.846	206.965	300	150	0.9841	100	1	725	0	0	0	0	0	0	0	0	0	0	0	0	0.0000	0.0000	0.0000	0.0000;
	33	652	108.293	250	0	0.9972	100	1	652	0	0	0	0	0	0	0	0	0	0	0	0	0.1769	0.0000	0.0000	0.0000;
	34	508	166.688	167	0	1.0123	100	1	508	0	0	0	0	0	0	0	0	0	0	0	0	3.0569	0.0000	0.0000	0.0000;
	35	660.846	210.661	300	-100	1.0494	100	1	687	0	0	0	0	0	0	0	0	0	0	0	0	0.0000	0.0000	0.0000	0.0000;
	36	580	100.165	240	0	1.0636	100	1	580	0	0	0	0	0	0	0	0	0	0	0	0	1.6169	0.0000	0.0000	0.0000;
	37	564	-1.36945	250	0	1.0275	100	1	564	0	0	0	0	0	0	0	0	0	0	0	0	1.9369	0.0000	0.0000	0.0000;
	38	660.846	21.7327	300	-150	1.0265	100	1	865	0	0	0	0	0	0	0	0	0	0	0	0	0.0000	0.0000	0.0000	0.0000;
	39	660.846	78.4674	300	-100	1.03	100	1	1100	0	0	0	0	0	0	0	0	0	0	0	0	0.0000	0.0000	0.0000	0.0000;
];

%% branch data
%	fbus	tbus	r	x	b	rateA	rateB	rateC	ratio	angle	status	angmin	angmax	Pf	Qf	Pt	Qt	mu_Sf	mu_St	mu_angmin	mu_angmax
