% data16m.m (16 Machine System Data)
% This is a 16-machine system with 86 transmission lines and
% 68 buses. Data are extracted from the GE final report
% entitled "Singular Perturbations, Coherency and
% Aggregation of Dynamic Systems," pp.6-42, July 1981.

% Bus data format
% bus: number,voltage(pu),angle(degree),p_gen(pu),q_gen(pu),
%      p_load(pu), q_load(pu), conductance(pu), susceptance(pu),
%      bus_type - 1, swing bus
%               - 2, generator bus (PV bus)
%               - 3, load bus (PQ bus)


bus = [ 1 1.00    0.00   0.00   0.00   2.527  1.1856  0.00 0.00  3;
	2 1.00    0.00   0.00   0.00   0.00   0.00    0.00 0.00  3;
	3 1.00    0.00   0.00   0.00   3.22   0.02    0.00 0.00  3;
	4 1.00    0.00   0.00   0.00   5.00   1.840   0.00 0.00  3;
	5 1.00    0.00   0.00   0.00   0.00   0.00    0.00 0.00  3;
	6 1.00    0.00   0.00   0.00   0.00   0.00    0.00 0.00  3;
	7 1.00    0.00   0.00   0.00   2.34   0.84    0.00 0.00  3;
	8 1.00    0.00   0.00   0.00   5.22   1.77    0.00 0.00  3;
	9 1.00    0.00   0.00   0.00   1.04   1.25    0.00 0.00  3;
       10 1.00    0.00   0.00   0.00   0.00   0.00    0.00 0.00  3;
       11 1.00    0.00   0.00   0.00   0.00   0.00    0.00 0.00  3;
       12 1.00    0.00   0.00   0.00   0.09   0.88    0.00 0.00  3;
       13 1.00    0.00   0.00   0.00   0.00   0.00    0.00 0.00  3;
       14 1.00    0.00   0.00   0.00   0.00   0.00    0.00 0.00  3;
       15 1.00    0.00   0.00   0.00   3.200  1.5300  0.00 0.00  3;
       16 1.00    0.00   0.00   0.00   3.290  0.32    0.00 0.00  3;
       17 1.00    0.00   0.00   0.00   0.00   0.00    0.00 0.00  3;
       18 1.00    0.00   0.00   0.00   1.58   0.30    0.00 0.00  3;
       19 1.00    0.00   0.00   0.00   0.00   0.00    0.00 0.00  3;
       20 1.00    0.00   0.00   0.00   6.800  1.03    0.00 0.00  3;
       21 1.00    0.00   0.00   0.00   2.740  1.15    0.00 0.00  3;
       22 1.00    0.00   0.00   0.00   0.00   0.00    0.00 0.00  3;
       23 1.00    0.00   0.00   0.00   2.480  0.85    0.00 0.00  3;
       24 1.00    0.00   0.00   0.00   3.09  -0.92    0.00 0.00  3;
       25 1.00    0.00   0.00   0.00   2.24   0.47    0.00 0.00  3;
       26 1.00    0.00   0.00   0.00   1.39   0.17    0.00 0.00  3;
       27 1.00    0.00   0.00   0.00   2.810  0.76    0.00 0.00  3;
       28 1.00    0.00   0.00   0.00   2.060  0.28    0.00 0.00  3;
       29 1.00    0.00   0.00   0.00   2.840  0.27    0.00 0.00  3;
       30 1.00    0.00   0.00   0.00   0.00   0.00    0.00 0.00  3;
       31 1.00    0.00   0.00   0.00   0.00   0.00    0.00 0.00  3;
       32 1.00    0.00   0.00   0.00   0.00   0.00    0.00 0.00  3;
       33 1.00    0.00   0.00   0.00   1.12   0.00    0.00 0.00  3;
       34 1.00    0.00   0.00   0.00   0.00   0.00    0.00 0.00  3;
       35 1.00    0.00   0.00   0.00   0.00   0.00    0.00 0.00  3;
       36 1.00    0.00   0.00   0.00   1.02  -0.1946  0.00 0.00  3;
       37 1.00    0.00   0.00   0.00  60.00   3.00    0.00 0.00  3;
       38 1.00    0.00   0.00   0.00   0.00   0.00    0.00 0.00  3;
       39 1.00    0.00   0.00   0.00   2.67   0.126   0.00 0.00  3;
       40 1.00    0.00   0.00   0.00   0.6563 0.2353  0.00 0.00  3;
       41 1.00    0.00   0.00   0.00  10.00   2.50    0.00 0.00  3;
       42 1.00    0.00   0.00   0.00  11.50   2.50    0.00 0.00  3;
       43 1.00    0.00   0.00   0.00   0.00   0.00    0.00 0.00  3;
       44 1.00    0.00   0.00   0.00   2.6755 0.0484  0.00 0.00  3;
       45 1.00    0.00   0.00   0.00   2.08   0.21    0.00 0.00  3;
       46 1.00    0.00   0.00   0.00   1.507  0.285   0.00 0.00  3;
       47 1.00    0.00   0.00   0.00   2.0312 0.3259  0.00 0.00  3;
       48 1.00    0.00   0.00   0.00   2.4120 0.022   0.00 0.00  3;
       49 1.00    0.00   0.00   0.00   1.6400 0.29    0.00 0.00  3;
       50 1.00    0.00   0.00   0.00   1.00  -1.47    0.00 0.00  3;
       51 1.00    0.00   0.00   0.00   3.37  -1.22    0.00 0.00  3;
       52 1.00    0.00   0.00   0.00  24.70   1.23    0.00 0.00  3;
       53 1.045   0.00   2.50   0.00   0.00   0.00    0.00 0.00  2;
       54 0.98    0.00   5.45   0.00   0.00   0.00    0.00 0.00  2;
       55 0.983   0.00   6.50   0.00   0.00   0.00    0.00 0.00  2;
       56 0.997   0.00   6.32   0.00   0.00   0.00    0.00 0.00  2;
       57 1.011   0.00   5.052  0.00   0.00   0.00    0.00 0.00  2;
       58 1.050   0.00   7.00   0.00   0.00   0.00    0.00 0.00  2;
       59 1.063   0.00   5.60   0.00   0.00   0.00    0.00 0.00  2;
       60 1.03    0.00   5.40   0.00   0.00   0.00    0.00 0.00  2;
       61 1.025   0.00   8.00   0.00   0.00   0.00    0.00 0.00  2;
       62 1.010   0.00   5.00   0.00   0.00   0.00    0.00 0.00  2;
       63 1.000   0.00  10.000  0.00   0.00   0.00    0.00 0.00  2;
       64 1.0156  0.00  13.50   0.00   0.00   0.00    0.00 0.00  2;
       65 1.011   0.00   0.00   0.00   0.00   0.00    0.00 0.00  1;
       66 1.00    0.00  17.85   0.00   0.00   0.00    0.00 0.00  2;
       67 1.000   0.00  10.00   0.00   0.00   0.00    0.00 0.00  2;
       68 1.000   0.00  40.00   0.00   0.00   0.00    0.00 0.00  2];


% Line data format
% line: from bus, to bus, resistance(pu), reactance(pu),
%       line charging(pu), tap ratio, phase shift(deg)

