L1 = [1.000     0.015     0.235     0.012    -0.137     0.548
1.000     0.015     0.232     0.012    -0.131     0.520
1.000     0.022     0.190     0.006    -0.141     0.506
1.000     0.023     0.191     0.007    -0.142     0.511
1.000     0.022     0.185     0.006    -0.134     0.474
1.000     0.008     0.191    -0.009    -0.121     0.469
1.000     0.025     0.182     0.008    -0.134     0.463
1.000     0.025     0.180     0.008    -0.132     0.456
1.000    -0.015     0.224    -0.020    -0.094     0.424
1.000    -0.015     0.223    -0.020    -0.093     0.418
1.000    -0.015     0.229    -0.020    -0.097     0.442
1.000    -0.003     0.192    -0.018    -0.105     0.430
1.000     0.027     0.226     0.009    -0.232     1.000
1.000    -0.047     0.168    -0.068    -0.049     0.292
1.000     0.026     0.174     0.008    -0.128     0.447
1.000    -0.026     0.180    -0.044    -0.076     0.364
1.000    -0.052     0.184    -0.070    -0.055     0.318
1.000     0.157    -0.141     0.067    -0.106    -0.051
1.000     0.157    -0.141     0.066    -0.105    -0.050
1.000     0.153    -0.066     0.090    -0.149    -0.007
1.000     0.153    -0.066     0.090    -0.149    -0.007
1.000     0.148    -0.059     0.085    -0.132    -0.002
1.000     0.150    -0.056     0.090    -0.145     0.000
1.000     0.150    -0.055     0.090    -0.145     0.001
1.000     0.147    -0.055     0.086    -0.132     0.000
1.000     0.147    -0.050     0.088    -0.136     0.001
1.000     0.147    -0.050     0.088    -0.136     0.001
1.000     0.153    -0.163     0.052    -0.068    -0.065
1.000     0.137     0.022     0.102    -0.136     0.029
1.000     0.137     0.021     0.102    -0.136     0.029
1.000     0.138     0.020     0.102    -0.139     0.030
1.000     0.137     0.020     0.101    -0.140     0.034
1.000     0.141    -0.019     0.091    -0.131     0.015
1.000     0.158    -0.181     0.052    -0.074    -0.088
1.000     0.153    -0.086     0.081    -0.131    -0.016
1.000     0.147    -0.134     0.055    -0.078    -0.045
1.000     0.147    -0.134     0.055    -0.078    -0.045
1.000     0.147    -0.134     0.055    -0.078    -0.045
1.000     0.154    -0.130     0.066    -0.101    -0.041
1.000     0.153    -0.139     0.061    -0.094    -0.050
1.000     0.156    -0.167     0.055    -0.073    -0.070
1.000     0.150    -0.086     0.078    -0.121    -0.016
1.000     0.159    -0.132     0.072    -0.123    -0.046
1.000     0.163    -0.138     0.076    -0.136    -0.053
1.000     0.149    -0.031     0.097    -0.153     0.009
1.000     0.159    -0.175     0.055    -0.072    -0.079
1.000     0.151    -0.121     0.066    -0.100    -0.035
1.000     0.151    -0.121     0.066    -0.100    -0.035
1.000     0.151    -0.121     0.066    -0.100    -0.035
1.000    -0.237     0.079    -0.229     0.007    -0.140
1.000    -0.253     0.076    -0.231     0.008    -0.198
1.000    -0.312     0.011    -0.124     0.005    -0.097
1.000    -0.235     0.079    -0.225     0.007    -0.139
1.000    -0.291     0.097    -0.309     0.017    -0.649
1.000    -0.230     0.098    -0.267     0.009    -0.172
1.000    -0.261     0.074    -0.230     0.008    -0.172
1.000    -0.256     0.075    -0.230     0.008    -0.200
1.000    -0.273     0.048    -0.182     0.006    -0.129
1.000    -0.307     0.009    -0.118     0.004    -0.088
1.000    -0.219     0.081    -0.222     0.006    -0.112
1.000    -0.220     0.081    -0.222     0.006    -0.112
1.000    -0.225     0.090    -0.245     0.008    -0.140
1.000    -0.245     0.079    -0.233     0.008    -0.184
1.000    -0.044     0.146    -0.071    -0.047     0.275
1.000    -0.046     0.154    -0.074    -0.052     0.306
1.000    -0.074     0.132    -0.110    -0.035     0.247
1.000    -0.077     0.112    -0.114    -0.024     0.196
1.000    -0.075     0.128    -0.110    -0.033     0.228
1.000    -0.040     0.236    -0.038    -0.053     0.318
1.000    -0.040     0.235    -0.038    -0.053     0.317
1.000    -0.098     0.119    -0.136    -0.023     0.196
1.000    -0.100     0.120    -0.136    -0.023     0.193
1.000    -0.082     0.143    -0.120    -0.040     0.282
1.000    -0.117     0.117    -0.154    -0.019     0.171
1.000    -0.068     0.129    -0.102    -0.035     0.236
1.000    -0.045     0.151    -0.071    -0.045     0.271
1.000    -0.050     0.151    -0.079    -0.048     0.289
1.000    -0.109     0.122    -0.143    -0.021     0.181
1.000    -0.080     0.131    -0.118    -0.034     0.249
1.000    -0.063     0.129    -0.096    -0.035     0.235
1.000     0.160    -0.183     0.053    -0.066    -0.085
1.000     0.156    -0.207     0.039    -0.019    -0.092
1.000     0.156    -0.207     0.039    -0.019    -0.092
1.000     0.156    -0.206     0.038    -0.019    -0.091
1.000     0.155    -0.206     0.038    -0.019    -0.091
1.000     0.016     0.198     0.002    -0.133     0.503
1.000     0.016     0.198     0.002    -0.133     0.503
1.000     0.154    -0.201     0.039    -0.028    -0.092
1.000     0.155    -0.203     0.038    -0.020    -0.088
1.000     0.156    -0.205     0.039    -0.021    -0.092
1.000     0.156    -0.209     0.038    -0.016    -0.091
1.000     0.151    -0.196     0.035    -0.015    -0.076
1.000     0.157    -0.212     0.039    -0.016    -0.096
1.000    -0.143     0.229    -0.131     0.003     0.131
1.000    -0.144     0.225    -0.137     0.000     0.148
1.000    -0.145     0.233    -0.137     0.003     0.142
1.000    -0.130     0.238    -0.111     0.003     0.122
1.000    -0.131     0.227    -0.117     0.002     0.122
1.000    -0.123     0.272    -0.097     0.006     0.131
1.000    -0.141     0.207    -0.133    -0.002     0.132
1.000    -0.169     0.175    -0.161    -0.003     0.119
1.000    -0.144     0.232    -0.134     0.003     0.136
1.000    -0.143     0.225    -0.133     0.002     0.133
1.000    -0.143     0.226    -0.134     0.002     0.136
1.000    -0.172     0.130    -0.159    -0.001     0.063
1.000    -0.123     0.268    -0.096     0.006     0.123
1.000     0.156    -0.176     0.051    -0.066    -0.079
1.000     0.161    -0.184     0.055    -0.080    -0.095
1.000     0.159    -0.181     0.054    -0.076    -0.090
1.000     0.159    -0.182     0.054    -0.076    -0.090
1.000     0.159    -0.182     0.053    -0.073    -0.089
1.000     0.157    -0.179     0.052    -0.074    -0.086
1.000     0.153    -0.029     0.104    -0.180     0.016
1.000     0.163    -0.036     0.117    -0.236     0.020
1.000     0.157    -0.034     0.109    -0.201     0.017
1.000     0.154    -0.034     0.104    -0.184     0.015
1.000     0.154    -0.034     0.104    -0.181     0.014
1.000     0.155    -0.034     0.106    -0.189     0.015
1.000     0.137     0.027     0.103    -0.132     0.024
1.000     0.138     0.035     0.108    -0.139     0.027
1.000     0.135     0.031     0.103    -0.129     0.025
1.000     0.136     0.026     0.102    -0.129     0.024
1.000     0.143     0.003     0.102    -0.148     0.024
1.000    -0.123     0.068    -0.170     0.002     0.065
1.000    -0.136     0.072    -0.180     0.003     0.054
1.000    -0.146     0.080    -0.199     0.003     0.066
1.000    -0.139     0.075    -0.188     0.003     0.060
1.000    -0.304     0.018    -0.121     0.004    -0.072
1.000    -0.278     0.035    -0.136     0.003    -0.054
1.000    -0.052     0.006    -0.120     0.014     0.068
1.000    -0.202     0.128    -0.169     0.000     0.057
1.000    -0.163     0.083    -0.194     0.001     0.030
1.000    -0.179     0.088    -0.203     0.002     0.016
1.000    -0.188     0.088    -0.204     0.001     0.007
1.000    -0.183     0.086    -0.199     0.001     0.009
1.000    -0.188     0.087    -0.202     0.001     0.006
1.000    -0.040    -0.006    -0.114     0.020     0.066
1.000    -0.186     0.089    -0.203     0.002     0.013
1.000    -0.179     0.089    -0.200     0.002     0.020
1.000    -0.178     0.090    -0.209     0.002     0.021
1.000    -0.193     0.090    -0.206     0.003     0.011
1.000    -0.120     0.064    -0.168     0.003     0.062
