% L matrix for 48 machine NPCC system

L = [
0.56 -0.00 -0.04 -0.01 -0.00 -0.00  0.05  0.42  0.02;
0.60 -0.00 -0.04 -0.01 -0.00 -0.00  0.05  0.38  0.02;
0.83 -0.00 -0.01 -0.01  0.00 -0.00  0.03  0.15  0.01;
0.83 -0.00 -0.01 -0.00  0.00 -0.00  0.03  0.14  0.01;
1     0     0     0     0     0     0     0     0   ;
0.84 -0.00 -0.02 -0.01  0.00 -0.00  0.03  0.15  0.01;
0.83 -0.00 -0.02 -0.01  0.00 -0.00  0.03  0.16  0.01;
0.85 -0.00 -0.01  0.01  0.00 -0.00  0.05  0.11  0.02;
0.58 -0.00 -0.01 -0.01  0.00 -0.01  0.10  0.30  0.04;
0.18 -0.00  0.03 -0.03  0.01 -0.01  0.28  0.43  0.13;
0.07 -0.01 -0.03 -0.15  0.00 -0.04  0.21  0.28  0.66;
0.08 -0.01 -0.02 -0.12  0.00 -0.03  0.21  0.27  0.62;
0.10 -0.00 -0.01 -0.03  0.00 -0.02  0.51  0.32  0.12;
0.11 -0.00  0.02 -0.02  0.01 -0.01  0.46  0.32  0.12;
0.04 -0.00 -0.01 -0.02  0.00 -0.02  0.78  0.17  0.06;
0.02  0.01 -0.00  0.03  0.00  0.01  0.77  0.10  0.06;
0     0     0     0     0     0     1     0     0   ;
0.02  0.00 -0.00  0.02  0.01  0.01  0.78  0.09  0.06;
0.03  0.01  0.03  0.04  0.02  0.02  0.67  0.10  0.08;
0.03  0.01  0.02  0.03  0.02  0.01  0.72  0.10  0.06;
0.02  0.00  0.11  0.02  0.08  0.00  0.63  0.09  0.05;
0.03  0.00  0.09  0.02  0.07  0.01  0.63  0.10  0.06;
0.06  0.00  0.05 -0.00  0.01 -0.01  0.62  0.19  0.07;
0.09  0.00  0.21 -0.01  0.04 -0.01  0.37  0.24  0.06;
0.11 -0.00  0.17 -0.02  0.03 -0.01  0.36  0.30  0.07;
0.10 -0.00  0.09 -0.03  0.02 -0.02  0.42  0.33  0.09;
0.07 -0.00  0.12 -0.00  0.01 -0.00  0.05  0.73  0.02;
0.02 -0.00  0.03 -0.00  0.00 -0.00  0.01  0.93  0.00;
0     0     0     0     0     0     0     1     0   ;
0.04 -0.00  0.06 -0.00  0.00 -0.00  0.02  0.88  0.01;
0.02  0.05  0.00  0.13  0.01  0.10  0.48  0.06  0.15;
0.00  0.24 -0.00  0.09  0.04  0.41  0.16 -0.01  0.07;
0.00  0.04 -0.00  0.28  0.00  0.10  0.25  0.02  0.31;
0     0     0     1     0     0     0     0     0   ;
0.00  0.01 -0.00  0.87 -0.00  0.02  0.05  0.00  0.05;
0     0     0     0     0     0     0     0     1   ;
0.00  0.32  0.01  0.05  0.09  0.40  0.09 -0.01  0.04;
0.00  0.38  0.00  0.04  0.06  0.41  0.08 -0.01  0.03;
0     1     0     0     0     0     0     0     0   ;
0.00  0.28 -0.00  0.05  0.00  0.56  0.09 -0.01  0.03;
0     0     0     0     0     1     0     0     0   ;
0.00  0.47  0.00  0.03  0.03  0.39  0.06 -0.01  0.02;
0.01  0.00  0.73 -0.00  0.11  0.00  0.02  0.13  0.00;
0     0     1     0     0     0     0     0     0   ;
0.02 -0.00  0.60 -0.00  0.12 -0.00  0.18  0.07  0.02;
0.00  0.00  0.89  0.01  0.07  0.01  0.01  0.01  0.00;
0.02  0.00  0.26  0.01  0.21  0.00  0.37  0.08  0.04;
0     0     0     0     1     0     0     0     0   ] ;


